balao = [12,30000; 
         24,1000;
         36,1000;
         48,1000;
         60,1000;
         72,1000;
         84,1000;
         96,1000;
         108,1000;
         120,1000;
         132,1000;
         144,1000;
         156,1000;
         168,1000;
         180,1000;
         192,1000;
         204,1000;
         216,1000;
         228,1000;
         240,1000;
         252,1000;
         264,1000;
         276,1000;
         288,1000;
         300,1000;
         312,1000;
         324,1000;
         348,1000;
];